#   energy        xmu
8627.2823	0.7928281
8633.4562	0.788423
8639.6400	0.7837164
8645.8338	0.7795143
8652.0375	0.7749585
8658.2512	0.7703318
8664.4748	0.7659267
8670.7085	0.7613391
8676.9522	0.75651
8683.2059	0.7520238
8689.4698	0.7475761
8695.7437	0.7429206
8702.0278	0.7382658
8708.3220	0.7336096
8714.6264	0.7293118
8720.9410	0.7245802
8727.2658	0.7203135
8733.6009	0.7155701
8739.9462	0.7108931
8746.3018	0.7065519
8752.6677	0.7018291
8759.0440	0.6971167
8765.4307	0.6925851
8771.8277	0.6882925
8778.2352	0.6835865
8784.6531	0.6791079
8791.0814	0.674413
8797.5202	0.6700155
8803.9696	0.6651317
8810.4295	0.6609171
8816.8999	0.6562187
8823.3810	0.6517798
8829.8726	0.6472317
8836.3749	0.6427188
8842.8879	0.6381962
8849.4115	0.6335331
8855.9459	0.6290322
8862.4909	0.6246535
8869.0468	0.6203478
8875.6134	0.6161422
8882.1909	0.611529
8888.7792	0.6075004
8895.3783	0.6029243
8901.9884	0.5990695
8908.6093	0.5943617
8915.2413	0.5903773
8921.8841	0.586335
8928.5380	0.5825594
8929.8701	0.582344
8931.2026	0.5814628
8932.5356	0.5808249
8933.8690	0.5800445
8935.2029	0.5793681
8936.5372	0.5788093
8937.8720	0.5782468
8939.2071	0.5777398
8940.5428	0.5772256
8941.8788	0.5768
8943.2154	0.5764433
8944.5523	0.5760518
8945.8897	0.5759453
8947.2276	0.5756119
8948.5659	0.5757222
8949.9046	0.5755329
8951.2438	0.576105
8952.5834	0.5765476
8953.9235	0.5773047
8955.2640	0.578506
8956.6049	0.5801938
8957.9463	0.5828432
8959.2882	0.5864005
8960.6305	0.5921133
8961.9732	0.6016897
8963.3164	0.6202628
8964.6601	0.6683073
8966.0041	0.867465
8967.3487	1.183255
8968.6936	1.253028
8970.0391	1.212164
8971.3849	1.246906
8972.7312	1.32294
8974.0780	1.395652
8975.4252	1.508355
8976.7729	1.667443
8978.1210	1.842992
8979.4695	1.983577
8980.8185	2.041624
8982.1680	2.003379
8983.5179	1.936111
8984.8683	1.886968
8986.2191	1.885771
8987.5703	1.943138
8988.9220	2.027394
8990.2742	2.058169
8991.6268	2.011371
8992.9798	1.946007
8994.3334	1.901447
8995.6873	1.864022
8997.0417	1.829286
8998.3966	1.81548
8999.7519	1.819062
9001.1077	1.829515
9002.4639	1.846797
9003.8206	1.873354
9005.1777	1.90748
9006.5353	1.939749
9007.8933	1.969473
9009.2518	1.997872
9010.6107	2.024281
9011.9701	2.040011
9013.3300	2.037279
9014.6903	2.015715
9016.0510	1.983033
9017.4122	1.947709
9018.7739	1.914074
9020.1360	1.888421
9021.4986	1.871706
9022.8616	1.862489
9024.2251	1.861107
9025.5891	1.865066
9026.9535	1.873433
9028.3183	1.881731
9029.6836	1.883817
9031.0494	1.880719
9032.4156	1.876277
9033.7823	1.876734
9035.1495	1.883699
9036.5171	1.894121
9037.8851	1.901183
9039.2536	1.903215
9040.6226	1.902033
9041.9920	1.903012
9043.3619	1.908241
9044.7323	1.91883
9046.1031	1.930815
9047.4744	1.941702
9048.8461	1.948935
9050.2183	1.954951
9051.5910	1.9615
9052.9641	1.96956
9054.3376	1.978889
9055.7117	1.990739
9057.0862	2.000738
9058.4611	2.007272
9059.8366	2.006436
9061.2124	2.00027
9062.5888	1.986589
9063.9656	1.968048
9065.3429	1.947865
9066.7206	1.927835
9068.0988	1.910472
9069.4774	1.894493
9070.8566	1.879432
9072.2361	1.866545
9073.6162	1.857343
9074.9967	1.851482
9076.3777	1.845968
9077.7591	1.835724
9080.5234	1.808649
9083.2895	1.781014
9086.0576	1.77055
9088.8274	1.780827
9091.5992	1.803885
9094.3728	1.830291
9097.1482	1.850023
9099.9256	1.859629
9102.7048	1.85969
9105.4859	1.857222
9108.2689	1.865193
9111.0537	1.893363
9113.8404	1.934377
9116.6291	1.964098
9119.4196	1.970269
9122.2120	1.960088
9125.0062	1.943525
9127.8024	1.921265
9130.6005	1.88971
9133.4004	1.85009
9136.2023	1.807517
9139.0060	1.76461
9141.8116	1.725449
9144.6192	1.700008
9147.4286	1.695152
9150.2400	1.711804
9153.0533	1.741791
9155.8684	1.77293
9158.6855	1.795181
9161.5045	1.806106
9164.3254	1.807474
9167.1483	1.802487
9169.9730	1.795897
9172.7997	1.791222
9175.6283	1.788235
9178.4588	1.782513
9181.2912	1.774784
9184.1256	1.770238
9186.9619	1.777216
9189.8001	1.794736
9192.6402	1.813851
9195.4823	1.823183
9198.3264	1.823181
9201.1723	1.81852
9204.0203	1.809283
9206.8701	1.794956
9209.7219	1.775652
9212.5757	1.752588
9215.4314	1.72983
9218.2890	1.708705
9221.1486	1.691447
9224.0102	1.681345
9226.8737	1.676972
9229.7391	1.677558
9232.6066	1.679356
9235.4760	1.678675
9238.3473	1.677465
9241.2207	1.677511
9244.0959	1.677767
9246.9732	1.678965
9249.8524	1.680818
9252.7336	1.684311
9255.6168	1.687494
9258.5020	1.689886
9261.3891	1.69138
9264.2783	1.691725
9267.1694	1.691765
9270.0625	1.692215
9272.9575	1.692002
9275.8546	1.691909
9278.7537	1.691374
9281.6547	1.69073
9284.5578	1.688024
9287.4628	1.682158
9290.3699	1.67455
9293.2789	1.665907
9296.1900	1.656821
9299.1030	1.646927
9302.0181	1.638081
9304.9352	1.629892
9307.8543	1.625009
9310.7754	1.621762
9313.6985	1.619021
9316.6236	1.61575
9319.5508	1.610348
9322.4800	1.603015
9325.4112	1.594962
9328.3444	1.587644
9331.2796	1.583405
9334.2169	1.582355
9337.1562	1.582257
9340.0976	1.580793
9343.0410	1.579146
9345.9864	1.578327
9348.9339	1.578185
9351.8834	1.577366
9354.8349	1.576606
9357.7885	1.575795
9360.7442	1.57536
9363.7019	1.574193
9366.6616	1.573244
9369.6234	1.572287
9372.5873	1.570789
9375.5532	1.569156
9378.5212	1.566834
9381.4912	1.564924
9384.4633	1.561944
9387.4375	1.558643
9390.4137	1.554133
9393.3920	1.548637
9396.3724	1.543187
9399.3549	1.536735
9402.3394	1.530502
9405.3260	1.524887
9408.3147	1.520686
9411.3055	1.517344
9414.2984	1.514298
9417.2933	1.511697
9420.2904	1.509145
9423.2895	1.506456
9426.2907	1.502655
9429.2941	1.498915
9432.2995	1.494647
9435.3070	1.490224
9438.3166	1.485171
9441.3284	1.481474
9444.3422	1.477901
9447.3582	1.475018
9450.3762	1.472405
9453.3964	1.469371
9456.4187	1.46602
9459.4431	1.463225
9462.4696	1.460853
9465.4983	1.458491
9468.5290	1.456649
9471.5619	1.455209
9474.5970	1.453562
9477.6341	1.452488
9480.6734	1.450943
9483.7148	1.449669
9486.7584	1.447717
9489.8041	1.446525
9492.8519	1.44439
9495.9019	1.442065
9498.9540	1.4391
9502.0083	1.435997
9505.0648	1.431818
9508.1233	1.427608
9511.1841	1.423011
9514.2470	1.417792
9519.9957	1.41075
9525.7521	1.40469
9531.5160	1.398242
9537.2876	1.392298
9543.0669	1.38663
9548.8538	1.381048
9554.6484	1.374961
9560.4507	1.369445
9566.2607	1.363315
9572.0784	1.357164
9577.9038	1.351545
9583.7370	1.346648
9589.5780	1.341967
9595.4268	1.337365
9601.2833	1.332319
9607.1477	1.327634
9613.0199	1.323213
9618.8999	1.318805
9624.7878	1.313733
9630.6835	1.308255
9636.5872	1.302305
9642.4988	1.297165
9648.4182	1.291093
9654.3456	1.285025
9660.2810	1.279421
9666.2243	1.274066
9672.1756	1.268498
9678.1349	1.262322
9684.1022	1.256949
9690.0776	1.251687
9696.0610	1.246038
9702.0524	1.240806
9708.0519	1.23556
9714.0595	1.229674
9720.0753	1.224537
9726.0991	1.219671
9732.1311	1.21515
9738.1712	1.21019
9744.2195	1.205483
9750.2760	1.200678
9756.3407	1.195099
9762.4136	1.189864
9768.4947	1.185046
9774.5841	1.179787
9780.6818	1.174911
9786.7877	1.169415
9792.9020	1.164238
9799.0246	1.158733
9805.1555	1.153696
9811.2947	1.148311
9817.4423	1.143171
9823.5983	1.138039
9829.7627	1.132839
9835.9355	1.127269
9842.1167	1.122297
9848.3064	1.116802
9854.5046	1.111995
9860.7112	1.107042
9866.9264	1.101711
9873.1500	1.096549
9879.3822	1.091767
9885.6230	1.086906
9891.8723	1.081975
9898.1302	1.077039
9904.3967	1.071982
9910.6718	1.066899
9916.9555	1.062064
9923.2479	1.056892
9929.5490	1.051981
9935.8588	1.046889
9942.1773	1.041686
9948.5045	1.036865
9954.8404	1.031434
9961.1851	1.026736
9967.5386	1.021571
9973.9008	1.016375
9980.2719	1.011537
9986.6518	1.006652
9993.0406	1.001418
9999.4382	0.996371
10005.844	0.9915485
10012.260	0.9861811
10018.684	0.9816221
10025.117	0.9768275
10031.559	0.9722076
10038.011	0.9669235
10044.471	0.9622285
10050.940	0.9574235
10057.418	0.9522731
10063.905	0.9476396
10070.402	0.942851
10076.907	0.9378735
10083.422	0.9331848
10089.945	0.9284756
10096.478	0.9236414
10103.020	0.9187039
10109.571	0.9137233
10116.131	0.9089413
10122.701	0.9039403
10129.280	0.8990987
10135.868	0.8942355
10142.465	0.8895729
10149.072	0.8847513
10155.687	0.8799777
10162.313	0.8748735
10168.947	0.8698801
10175.591	0.8653597
10182.244	0.8604199
10188.907	0.8558506
10195.579	0.8510083
10202.261	0.8458851
10208.952	0.8414831
10215.652	0.8362938
10222.362	0.8314929
10229.082	0.8266195
10235.811	0.8220733
10242.550	0.8171302
10249.298	0.8124217
10256.056	0.8072544
10262.823	0.8028212
10269.600	0.7981515
10276.387	0.7946406
10283.183	0.7907546
10289.990	0.7860302
10296.805	0.780891
10303.631	0.7759619
10310.466	0.7704013
10317.312	0.7661337
10324.167	0.7612486
10331.031	0.7568331
10337.906	0.7515529
10344.790	0.7466699
10351.685	0.7418372
10358.589	0.7371956
10365.503	0.7320702
10372.427	0.7272902
10379.361	0.7227396
10386.306	0.7182564
10393.260	0.7130675
10400.224	0.7085426
[EX_END]
